11
17
45.28759554 -16.60031225 48.36747916 22.14962249 -44.45870237 -42.22045058 -21.41008333 -36.37266992 36.06526245 -41.83555947 4.40490176 37.87081377 -16.24778379 -1.924822634 20.60204118 30.48636854 -4.121932119
20.00375899 22.51380913 -31.85247937 -10.80319815 5.805273866 -42.61138463 34.3305986 -39.46737768 14.08268113 -14.70987452 -24.47555196 48.42362787 -38.94976265 30.45475398 -30.86993473 -36.20842538 -36.70341722
12.76354937 1.543864276 -7.974978206 -28.52191956 36.52185418 -42.82026455 41.68570969 -7.150521872 13.61168666 38.16586429 7.333771625 46.31237841 -12.09499211 33.5052307 21.1489172 -5.364374355 2.818538305
14.74820319 19.11579083 -40.9759645 20.36430931 10.56860545 -1.359343954 -45.12845672 43.5523443 0.157525964 1.388449451 5.617363435 -12.3349003 -40.25326263 -45.58312465 -3.996918346 -43.95907521 8.606290955
7.194495314 48.5411056 43.690314 -27.95598916 -8.85722474 4.798078665 14.51662232 42.50970662 -41.66833851 35.58554983 -30.90740313 0.554733953 -8.268576273 -8.510221194 27.38938841 48.40563625 -7.41942977
-3.488247674 -16.71446383 12.77539505 3.61255355 23.1434667 -44.54020798 -24.87415337 46.49452504 -43.79617682 8.25838621 32.32613899 -22.0696254 -2.244133899 -12.65145637 42.38933157 -49.9756799 32.08217024
-32.71043383 -42.01494939 23.1799314 49.79923453 46.74087776 46.25272106 -38.77422739 -46.45888172 -19.38236933 -45.92510248 46.8568867 -46.69722556 3.962275171 -42.95111521 -45.00729578 29.54992045 -1.869862246
45.51665261 -47.3573276 18.62287804 -12.17435718 -30.89159224 -43.65691989 15.69003994 25.15465715 44.87948559 11.17543674 -16.99783087 7.828490785 -12.64266237 -3.901501339 5.374848458 -23.22517078 -3.340146372
-46.13344815 -27.51343336 -7.523597514 0.15806347 -14.97903865 1.327452695 -29.79820882 -5.302278079 47.66487043 10.60408501 -0.962118252 42.44413788 -32.79383957 -17.12734757 13.18421409 46.07366554 13.26248618
-44.27332988 -37.13920999 -3.804440978 -38.33003621 -22.75258852 -41.60491172 32.67873772 -28.61569603 43.69479206 -23.36521081 -34.03070958 44.30837331 40.85590532 19.53617753 18.90544221 45.19333466 -21.54804266
-42.60020226 -2.685753136 -16.49731505 -24.47266414 -13.73703325 41.09131653 11.94663179 -40.62974953 1.771038031 33.39590728 36.0477548 -34.76280794 -25.59161071 22.01404103 14.18104819 38.72399827 -42.25987495
